726,59,10120,3,55,"CM","2584b72f63cfeb66",4159
726,59,10120,3,60,"CM","2584b72f63cfeb66",4160
726,59,10120,3,57,"CM","2584b72f63cfeb66",4161
726,59,10120,3,44,"CM","2584b72f63cfeb66",4162
726,59,10120,3,31,"CM","2584b72f63cfeb66",4163
726,59,10120,3,54,"CM","2584b72f63cfeb66",4164
726,59,10120,3,33,"CM","2584b72f63cfeb66",4165
726,59,10120,3,43,"CM","2584b72f63cfeb66",4166
726,59,10120,3,31,"CM","2584b72f63cfeb66",4167
726,59,10120,3,31,"CM","2584b72f63cfeb66",4168
726,59,10120,3,29,"CM","2584b72f63cfeb66",4169
726,59,10120,3,30,"CM","2584b72f63cfeb66",4170
726,59,10120,3,28,"CM","2584b72f63cfeb66",4171
726,59,10120,2,30,"CM","2584b72f63cfeb66",4172
726,59,10120,3,31,"CM","2584b72f63cfeb66",4173
726,59,10120,3,29,"CM","2584b72f63cfeb66",4174
726,59,10120,3,26,"CM","2584b72f63cfeb66",4175
726,59,10120,3,31,"CM","2584b72f63cfeb66",4176
726,59,10120,3,27,"CM","2584b72f63cfeb66",4177
726,59,10120,3,13,"CM","2584b72f63cfeb66",4178
726,59,10120,3,13,"CM","2584b72f63cfeb66",4179
726,59,10120,3,28,"CM","2584b72f63cfeb66",4180
726,59,10120,3,26,"CM","2584b72f63cfeb66",4181
726,59,10120,3,32,"CM","2584b72f63cfeb66",4182
726,59,10120,3,59,"CM","2584b72f63cfeb66",4183
726,59,10120,3,46,"CM","2584b72f63cfeb66",4184
726,59,10120,1,32,"CM","2584b72f63cfeb66",4186
726,59,10120,2,28,"CM","2584b72f63cfeb66",4187
726,59,10120,2,31,"CM","2584b72f63cfeb66",4188
726,59,10120,2,27,"CM","2584b72f63cfeb66",4189
726,59,10120,1,27,"CM","2584b72f63cfeb66",4190
726,59,10120,2,33,"CM","2584b72f63cfeb66",4191
726,59,10120,2,31,"CM","2584b72f63cfeb66",4192
726,59,10120,1,27,"CM","2584b72f63cfeb66",4193
726,59,10120,1,25,"CM","2584b72f63cfeb66",4194
726,59,10120,2,28,"CM","2584b72f63cfeb66",4195
726,59,10120,2,26,"CM","2584b72f63cfeb66",4196
726,59,10120,1,30,"CM","2584b72f63cfeb66",4197
726,59,10120,2,29,"CM","2584b72f63cfeb66",4198
726,59,10120,2,41,"CM","2584b72f63cfeb66",4199
726,59,10120,2,57,"CM","2584b72f63cfeb66",4200
726,59,10120,2,48,"CM","2584b72f63cfeb66",4201
726,59,10120,2,45,"CM","2584b72f63cfeb66",4202
726,59,10120,2,29,"CM","2584b72f63cfeb66",4203
726,59,10120,1,27,"CM","2584b72f63cfeb66",4204
726,59,10120,2,40,"CM","2584b72f63cfeb66",4205
726,59,10120,2,55,"CM","2584b72f63cfeb66",4206
726,59,10120,2,46,"CM","2584b72f63cfeb66",4207
726,59,10120,1,55,"CM","2584b72f63cfeb66",4208
726,59,10120,3,26,"CM","2584b72f63cfeb66",4209
726,59,10120,1,52,"CM","2584b72f63cfeb66",4210
726,59,10120,2,31,"CM","2584b72f63cfeb66",4211
