726,59,21720,2,61,"CM","1b30e64370caceb7",6491
726,59,21720,2,54,"CM","1b30e64370caceb7",6492
726,59,21720,2,52,"CM","1b30e64370caceb7",6493
726,59,21720,2,68,"CM","1b30e64370caceb7",6494
726,59,21720,2,39,"CM","1b30e64370caceb7",6495
726,59,21720,2,22,"CM","1b30e64370caceb7",6496
726,59,21720,2,37,"CM","1b30e64370caceb7",6497
726,59,21720,1,62,"CM","1b30e64370caceb7",6498
726,59,21720,1,49,"CM","1b30e64370caceb7",6499
726,59,21720,1,52,"CM","1b30e64370caceb7",6500
726,59,21720,1,55,"CM","1b30e64370caceb7",6501
726,59,21720,1,41,"CM","1b30e64370caceb7",6502
726,59,21720,1,57,"CM","1b30e64370caceb7",6503
726,59,21720,1,64,"CM","1b30e64370caceb7",6504
726,59,21720,1,45,"CM","1b30e64370caceb7",6505
726,59,21720,1,65,"CM","1b30e64370caceb7",6506
726,59,21720,1,26,"CM","1b30e64370caceb7",6507
726,59,21720,1,38,"CM","1b30e64370caceb7",6508
726,59,10211,2,22,"CM","1b30e64370caceb7",6509
726,59,10211,1,15,"CM","1b30e64370caceb7",6510
726,59,10211,1,22,"CM","1b30e64370caceb7",6511
726,59,10210,2,37,"CM","1b30e64370caceb7",6512
726,59,10210,2,14,"CM","1b30e64370caceb7",6513
726,59,10210,2,14,"CM","1b30e64370caceb7",6514
726,59,10210,2,34,"CM","1b30e64370caceb7",6515
726,59,10210,2,36,"CM","1b30e64370caceb7",6516
726,59,10210,2,29,"CM","1b30e64370caceb7",6517
726,59,10210,2,14,"CM","1b30e64370caceb7",6518
726,59,10210,2,33,"CM","1b30e64370caceb7",6519
726,59,10210,2,31,"CM","1b30e64370caceb7",6520
726,59,10210,2,38,"CM","1b30e64370caceb7",6521
726,59,10210,2,34,"CM","1b30e64370caceb7",6522
726,59,10210,2,17,"CM","1b30e64370caceb7",6523
726,59,10210,2,19,"CM","1b30e64370caceb7",6524
726,59,10210,2,18,"CM","1b30e64370caceb7",6525
726,59,10210,2,19,"CM","1b30e64370caceb7",6526
726,59,10210,2,14,"CM","1b30e64370caceb7",6527
726,59,10210,2,23,"CM","1b30e64370caceb7",6528
726,59,10210,2,34,"CM","1b30e64370caceb7",6529
726,59,10210,2,32,"CM","1b30e64370caceb7",6530
726,59,10210,2,21,"CM","1b30e64370caceb7",6531
726,59,10210,2,32,"CM","1b30e64370caceb7",6532
726,59,10210,2,37,"CM","1b30e64370caceb7",6533
726,59,10210,2,27,"CM","1b30e64370caceb7",6534
726,59,10210,2,12,"CM","1b30e64370caceb7",6535
726,59,10210,2,26,"CM","1b30e64370caceb7",6536
726,59,10210,2,17,"CM","1b30e64370caceb7",6537
726,59,10210,2,16,"CM","1b30e64370caceb7",6538
726,59,10210,2,18,"CM","1b30e64370caceb7",6539
726,59,10210,2,21,"CM","1b30e64370caceb7",6540
726,59,10210,2,30,"CM","1b30e64370caceb7",6541
726,59,10210,2,14,"CM","1b30e64370caceb7",6542
726,59,10210,2,16,"CM","1b30e64370caceb7",6543
726,59,10210,2,15,"CM","1b30e64370caceb7",6544
726,59,10210,2,21,"CM","1b30e64370caceb7",6545
726,59,10210,1,31,"CM","1b30e64370caceb7",6546
726,59,10210,1,27,"CM","1b30e64370caceb7",6547
726,59,10210,1,35,"CM","1b30e64370caceb7",6548
726,59,10210,1,35,"CM","1b30e64370caceb7",6549
726,59,10210,1,30,"CM","1b30e64370caceb7",6550
726,59,10210,1,34,"CM","1b30e64370caceb7",6551
726,59,10210,1,32,"CM","1b30e64370caceb7",6552
726,59,10210,1,29,"CM","1b30e64370caceb7",6553
726,59,10210,1,29,"CM","1b30e64370caceb7",6554
726,59,10210,1,30,"CM","1b30e64370caceb7",6555
726,59,10210,1,28,"CM","1b30e64370caceb7",6556
726,59,10210,1,26,"CM","1b30e64370caceb7",6557
726,59,10210,1,34,"CM","1b30e64370caceb7",6558
726,59,10210,1,34,"CM","1b30e64370caceb7",6559
726,59,10210,1,26,"CM","1b30e64370caceb7",6560
726,59,10210,1,31,"CM","1b30e64370caceb7",6561
726,59,10210,1,34,"CM","1b30e64370caceb7",6562
726,59,10210,1,31,"CM","1b30e64370caceb7",6563
726,59,10210,1,28,"CM","1b30e64370caceb7",6564
726,59,10210,1,30,"CM","1b30e64370caceb7",6565
726,59,10210,1,24,"CM","1b30e64370caceb7",6566
726,59,10210,1,31,"CM","1b30e64370caceb7",6567
726,59,10210,1,35,"CM","1b30e64370caceb7",6568
726,59,10210,1,36,"CM","1b30e64370caceb7",6569
726,59,10210,1,24,"CM","1b30e64370caceb7",6570
726,59,10210,1,32,"CM","1b30e64370caceb7",6571
726,59,10210,1,32,"CM","1b30e64370caceb7",6572
726,59,10210,1,26,"CM","1b30e64370caceb7",6573
726,59,10210,1,23,"CM","1b30e64370caceb7",6574
726,59,10210,1,32,"CM","1b30e64370caceb7",6575
726,59,10210,1,26,"CM","1b30e64370caceb7",6576
726,59,10210,1,28,"CM","1b30e64370caceb7",6577
726,59,10210,1,34,"CM","1b30e64370caceb7",6578
726,59,10210,1,20,"CM","1b30e64370caceb7",6579
726,59,10210,1,21,"CM","1b30e64370caceb7",6580
726,59,10210,1,25,"CM","1b30e64370caceb7",6581
726,59,10210,1,34,"CM","1b30e64370caceb7",6582
726,59,10210,1,35,"CM","1b30e64370caceb7",6583
726,59,10210,1,33,"CM","1b30e64370caceb7",6584
726,59,10210,1,32,"CM","1b30e64370caceb7",6585
726,59,10210,1,31,"CM","1b30e64370caceb7",6586
726,59,10210,1,32,"CM","1b30e64370caceb7",6587
726,59,10210,1,38,"CM","1b30e64370caceb7",6588
726,59,10210,1,36,"CM","1b30e64370caceb7",6589
726,59,10210,1,28,"CM","1b30e64370caceb7",6590
726,59,10210,1,38,"CM","1b30e64370caceb7",6591
726,59,10210,1,39,"CM","1b30e64370caceb7",6592
726,59,10210,1,30,"CM","1b30e64370caceb7",6593
726,59,10210,1,34,"CM","1b30e64370caceb7",6594
726,59,10210,1,31,"CM","1b30e64370caceb7",6595
726,59,10210,1,31,"CM","1b30e64370caceb7",6596
726,59,10210,1,34,"CM","1b30e64370caceb7",6597
726,59,10210,1,31,"CM","1b30e64370caceb7",6598
726,59,10210,1,34,"CM","1b30e64370caceb7",6599
726,59,10210,1,29,"CM","1b30e64370caceb7",6600
726,59,10210,1,21,"CM","1b30e64370caceb7",6601
726,59,10210,1,30,"CM","1b30e64370caceb7",6602
726,59,10210,1,29,"CM","1b30e64370caceb7",6603
726,59,10210,1,27,"CM","1b30e64370caceb7",6604
726,59,10210,1,31,"CM","1b30e64370caceb7",6605
726,59,10210,1,32,"CM","1b30e64370caceb7",6606
726,59,10210,1,35,"CM","1b30e64370caceb7",6607
726,59,10210,1,34,"CM","1b30e64370caceb7",6608
726,59,10210,1,34,"CM","1b30e64370caceb7",6609
726,59,10210,1,29,"CM","1b30e64370caceb7",6610
726,59,10210,1,30,"CM","1b30e64370caceb7",6611
726,59,10210,1,34,"CM","1b30e64370caceb7",6612
726,59,10210,1,18,"CM","1b30e64370caceb7",6613
726,59,21371,1,34,"CM","1b30e64370caceb7",6614
726,59,21371,2,42,"CM","1b30e64370caceb7",6615
726,59,21371,2,45,"CM","1b30e64370caceb7",6616
726,59,21371,2,45,"CM","1b30e64370caceb7",6617
726,59,21371,2,38,"CM","1b30e64370caceb7",6618
726,59,21371,2,43,"CM","1b30e64370caceb7",6619
726,59,21371,2,36,"CM","1b30e64370caceb7",6620
726,59,10210,2,36,"CM","1b30e64370caceb7",6621
726,59,10210,2,35,"CM","1b30e64370caceb7",6622
726,59,10210,2,33,"CM","1b30e64370caceb7",6623
726,59,10210,2,23,"CM","1b30e64370caceb7",6624
726,59,10210,2,34,"CM","1b30e64370caceb7",6625
726,59,10210,2,33,"CM","1b30e64370caceb7",6626
726,59,10210,2,36,"CM","1b30e64370caceb7",6627
726,59,10210,2,34,"CM","1b30e64370caceb7",6628
726,59,10210,2,37,"CM","1b30e64370caceb7",6629
726,59,10210,2,17,"CM","1b30e64370caceb7",6630
726,59,10210,2,36,"CM","1b30e64370caceb7",6631
726,59,10210,2,20,"CM","1b30e64370caceb7",6632
726,59,10210,2,17,"CM","1b30e64370caceb7",6633
726,59,10210,2,27,"CM","1b30e64370caceb7",6634
726,59,10210,2,20,"CM","1b30e64370caceb7",6635
726,59,10210,2,33,"CM","1b30e64370caceb7",6636
726,59,10210,2,20,"CM","1b30e64370caceb7",6637
726,59,10210,2,18,"CM","1b30e64370caceb7",6638
726,59,10285,2,25,"CM","1b30e64370caceb7",6639
726,59,10285,2,41,"CM","1b30e64370caceb7",6640
726,59,10285,2,28,"CM","1b30e64370caceb7",6641
726,59,10285,2,22,"CM","1b30e64370caceb7",6642
726,59,10285,2,22,"CM","1b30e64370caceb7",6643
726,59,10285,2,34,"CM","1b30e64370caceb7",6644
726,59,10285,2,26,"CM","1b30e64370caceb7",6645
726,59,10285,2,25,"CM","1b30e64370caceb7",6646
726,59,10285,2,28,"CM","1b30e64370caceb7",6647
726,59,10285,2,27,"CM","1b30e64370caceb7",6648
726,59,10285,2,27,"CM","1b30e64370caceb7",6649
726,59,10285,2,24,"CM","1b30e64370caceb7",6650
726,59,10285,1,30,"CM","1b30e64370caceb7",6651
726,59,10285,1,28,"CM","1b30e64370caceb7",6652
726,59,10285,1,26,"CM","1b30e64370caceb7",6653
726,59,10285,1,35,"CM","1b30e64370caceb7",6654
726,59,10285,1,26,"CM","1b30e64370caceb7",6655
726,59,10285,1,30,"CM","1b30e64370caceb7",6656
726,59,10285,1,27,"CM","1b30e64370caceb7",6657
726,59,10285,1,26,"CM","1b30e64370caceb7",6658
726,59,10285,1,19,"CM","1b30e64370caceb7",6659
726,59,10285,1,27,"CM","1b30e64370caceb7",6660
726,59,10285,1,29,"CM","1b30e64370caceb7",6661
726,59,10285,1,25,"CM","1b30e64370caceb7",6662
726,59,10285,1,24,"CM","1b30e64370caceb7",6663
726,59,10285,1,24,"CM","1b30e64370caceb7",6664
726,59,10285,1,25,"CM","1b30e64370caceb7",6665
726,59,10285,1,26,"CM","1b30e64370caceb7",6666
726,59,10285,1,29,"CM","1b30e64370caceb7",6667
