726,59,10210,1,22,"CM","a5b665b693f2a02c",10012
726,59,10210,1,25,"CM","a5b665b693f2a02c",10013
726,59,10210,1,28,"CM","a5b665b693f2a02c",10014
726,59,10210,1,22,"CM","a5b665b693f2a02c",10015
726,59,10210,1,34,"CM","a5b665b693f2a02c",10016
726,59,10210,1,28,"CM","a5b665b693f2a02c",10017
726,59,10210,1,17,"CM","a5b665b693f2a02c",10018
726,59,10210,1,14,"CM","a5b665b693f2a02c",10019
726,59,10210,1,34,"CM","a5b665b693f2a02c",10020
726,59,10210,1,33,"CM","a5b665b693f2a02c",10021
726,59,10210,1,33,"CM","a5b665b693f2a02c",10022
726,59,10210,1,32,"CM","a5b665b693f2a02c",10023
726,59,10210,1,31,"CM","a5b665b693f2a02c",10024
726,59,10210,1,34,"CM","a5b665b693f2a02c",10025
726,59,10210,1,34,"CM","a5b665b693f2a02c",10026
726,59,10210,1,28,"CM","a5b665b693f2a02c",10027
726,59,10210,1,31,"CM","a5b665b693f2a02c",10028
726,59,10210,1,31,"CM","a5b665b693f2a02c",10029
726,59,10210,1,35,"CM","a5b665b693f2a02c",10030
726,59,10210,1,32,"CM","a5b665b693f2a02c",10031
726,59,10210,1,36,"CM","a5b665b693f2a02c",10032
726,59,10210,1,33,"CM","a5b665b693f2a02c",10033
726,59,10210,1,16,"CM","a5b665b693f2a02c",10034
726,59,10210,1,33,"CM","a5b665b693f2a02c",10035
726,59,10210,1,31,"CM","a5b665b693f2a02c",10036
726,59,10210,1,34,"CM","a5b665b693f2a02c",10037
726,59,10210,1,13,"CM","a5b665b693f2a02c",10038
726,59,10210,1,19,"CM","a5b665b693f2a02c",10039
726,59,10210,1,31,"CM","a5b665b693f2a02c",10040
726,59,10210,1,29,"CM","a5b665b693f2a02c",10041
726,59,10210,1,29,"CM","a5b665b693f2a02c",10043
726,59,10210,1,34,"CM","a5b665b693f2a02c",10042
726,59,10210,1,19,"CM","a5b665b693f2a02c",10044
726,59,10210,1,33,"CM","a5b665b693f2a02c",10045
726,59,10210,1,30,"CM","a5b665b693f2a02c",10046
726,59,10210,1,30,"CM","a5b665b693f2a02c",10047
726,59,10210,1,31,"CM","a5b665b693f2a02c",10048
726,59,10210,1,32,"CM","a5b665b693f2a02c",10049
726,59,10210,1,34,"CM","a5b665b693f2a02c",10050
726,59,10210,1,34,"CM","a5b665b693f2a02c",10051
726,59,10210,1,34,"CM","a5b665b693f2a02c",10052
726,59,10210,1,16,"CM","a5b665b693f2a02c",10053
726,59,10210,1,19,"CM","a5b665b693f2a02c",10054
726,59,10210,1,19,"CM","a5b665b693f2a02c",10055
726,59,10210,1,34,"CM","a5b665b693f2a02c",10056
726,59,10210,1,29,"CM","a5b665b693f2a02c",10057
726,59,10210,1,25,"CM","a5b665b693f2a02c",10058
726,59,10210,1,21,"CM","a5b665b693f2a02c",10059
726,59,10210,1,35,"CM","a5b665b693f2a02c",10060
726,59,10210,1,30,"CM","a5b665b693f2a02c",10061
726,59,10210,1,19,"CM","a5b665b693f2a02c",10062
726,59,10210,1,18,"CM","a5b665b693f2a02c",10063
726,59,10210,1,35,"CM","a5b665b693f2a02c",10064
726,59,10210,1,28,"CM","a5b665b693f2a02c",10065
726,59,10210,1,32,"CM","a5b665b693f2a02c",10066
726,59,10210,1,31,"CM","a5b665b693f2a02c",10067
726,59,10210,1,31,"CM","a5b665b693f2a02c",10068
726,59,10210,1,35,"CM","a5b665b693f2a02c",10069
726,59,10210,1,26,"CM","a5b665b693f2a02c",10070
726,59,10210,1,33,"CM","a5b665b693f2a02c",10071
726,59,10210,1,22,"CM","a5b665b693f2a02c",10072
726,59,10210,1,29,"CM","a5b665b693f2a02c",10073
726,59,10210,1,30,"CM","a5b665b693f2a02c",10074
726,59,10210,1,31,"CM","a5b665b693f2a02c",10075
726,59,10210,1,17,"CM","a5b665b693f2a02c",10076
726,59,10210,1,22,"CM","a5b665b693f2a02c",10077
726,59,10210,1,28,"CM","a5b665b693f2a02c",10078
726,59,10210,1,13,"CM","a5b665b693f2a02c",10079
726,59,10210,1,16,"CM","a5b665b693f2a02c",10080
726,59,10210,1,27,"CM","a5b665b693f2a02c",10081
726,59,10210,1,16,"CM","a5b665b693f2a02c",10082
726,59,10210,1,36,"CM","a5b665b693f2a02c",10083
726,59,10210,1,24,"CM","a5b665b693f2a02c",10084
726,59,10210,1,17,"CM","a5b665b693f2a02c",10085
726,59,10210,1,23,"CM","a5b665b693f2a02c",10086
726,59,10210,1,19,"CM","a5b665b693f2a02c",10087
726,59,10210,1,15,"CM","a5b665b693f2a02c",10088
726,59,10261,1,38,"CM","a5b665b693f2a02c",10089
726,59,10261,1,29,"CM","a5b665b693f2a02c",10090
726,59,10261,1,18,"CM","a5b665b693f2a02c",10091
726,59,10261,1,30,"CM","a5b665b693f2a02c",10092
726,59,10261,1,17,"CM","a5b665b693f2a02c",10093
726,59,10261,1,18,"CM","a5b665b693f2a02c",10094
726,59,10261,1,13,"CM","a5b665b693f2a02c",10095
726,59,10261,1,30,"CM","a5b665b693f2a02c",10096
726,59,10261,1,33,"CM","a5b665b693f2a02c",10097
726,59,10261,1,29,"CM","a5b665b693f2a02c",10098
726,59,10261,1,22,"CM","a5b665b693f2a02c",10099
726,59,10261,1,12,"CM","a5b665b693f2a02c",10100
726,59,10261,1,31,"CM","a5b665b693f2a02c",10101
726,59,10261,1,33,"CM","a5b665b693f2a02c",10102
726,59,10261,1,33,"CM","a5b665b693f2a02c",10103
726,59,10261,1,30,"CM","a5b665b693f2a02c",10104
726,59,10261,1,22,"CM","a5b665b693f2a02c",10105
726,59,10261,1,32,"CM","a5b665b693f2a02c",10106
726,59,10261,1,33,"CM","a5b665b693f2a02c",10107
726,59,10261,1,12,"CM","a5b665b693f2a02c",10108
726,59,10261,1,18,"CM","a5b665b693f2a02c",10109
726,59,10261,1,14,"CM","a5b665b693f2a02c",10110
726,59,10261,1,14,"CM","a5b665b693f2a02c",10111
726,59,10261,1,20,"CM","a5b665b693f2a02c",10112
726,59,10261,1,15,"CM","a5b665b693f2a02c",10113
726,59,10261,1,19,"CM","a5b665b693f2a02c",10114
726,59,10261,1,14,"CM","a5b665b693f2a02c",10115
726,59,10261,1,15,"CM","a5b665b693f2a02c",10116
726,59,10261,1,14,"CM","a5b665b693f2a02c",10117
726,59,10261,1,14,"CM","a5b665b693f2a02c",10118
726,59,10261,1,13,"CM","a5b665b693f2a02c",10119
726,59,10261,1,13,"CM","a5b665b693f2a02c",10120
726,59,10261,1,19,"CM","a5b665b693f2a02c",10121
726,59,10261,1,13,"CM","a5b665b693f2a02c",10122
726,59,10261,1,14,"CM","a5b665b693f2a02c",10123
726,59,10261,1,15,"CM","a5b665b693f2a02c",10124
726,59,10261,1,16,"CM","a5b665b693f2a02c",10125
726,59,10261,1,14,"CM","a5b665b693f2a02c",10126
726,59,10261,1,17,"CM","a5b665b693f2a02c",10127
726,59,10261,1,17,"CM","a5b665b693f2a02c",10128
726,59,10261,1,12,"CM","a5b665b693f2a02c",10129
726,59,10261,1,15,"CM","a5b665b693f2a02c",10130
726,59,10261,1,16,"CM","a5b665b693f2a02c",10131
726,59,10261,2,33,"CM","a5b665b693f2a02c",10132
726,59,10261,2,16,"CM","a5b665b693f2a02c",10133
726,59,10261,2,39,"CM","a5b665b693f2a02c",10134
726,59,10261,2,18,"CM","a5b665b693f2a02c",10135
726,59,10261,2,38,"CM","a5b665b693f2a02c",10136
726,59,10261,2,40,"CM","a5b665b693f2a02c",10137
726,59,10261,2,22,"CM","a5b665b693f2a02c",10138
726,59,10261,2,15,"CM","a5b665b693f2a02c",10139
726,59,10261,2,38,"CM","a5b665b693f2a02c",10140
726,59,10261,2,15,"CM","a5b665b693f2a02c",10141
726,59,10261,2,40,"CM","a5b665b693f2a02c",10142
726,59,10261,2,41,"CM","a5b665b693f2a02c",10143
726,59,10261,2,39,"CM","a5b665b693f2a02c",10144
726,59,10261,2,34,"CM","a5b665b693f2a02c",10145
726,59,10261,2,38,"CM","a5b665b693f2a02c",10146
726,59,10261,2,40,"CM","a5b665b693f2a02c",10147
726,59,10261,2,14,"CM","a5b665b693f2a02c",10148
726,59,10261,2,35,"CM","a5b665b693f2a02c",10149
726,59,10261,2,12,"CM","a5b665b693f2a02c",10150
726,59,10261,2,15,"CM","a5b665b693f2a02c",10151
726,59,10261,2,14,"CM","a5b665b693f2a02c",10152
726,59,10261,2,14,"CM","a5b665b693f2a02c",10153
726,59,10261,2,35,"CM","a5b665b693f2a02c",10154
726,59,10261,2,37,"CM","a5b665b693f2a02c",10155
726,59,10261,2,38,"CM","a5b665b693f2a02c",10156
726,59,10261,2,36,"CM","a5b665b693f2a02c",10157
726,59,10261,2,36,"CM","a5b665b693f2a02c",10158
726,59,10261,2,39,"CM","a5b665b693f2a02c",10159
726,59,10261,2,35,"CM","a5b665b693f2a02c",10160
726,59,10261,2,38,"CM","a5b665b693f2a02c",10161
726,59,10261,2,36,"CM","a5b665b693f2a02c",10162
726,59,10261,2,34,"CM","a5b665b693f2a02c",10163
726,59,10261,2,39,"CM","a5b665b693f2a02c",10164
726,59,10261,2,39,"CM","a5b665b693f2a02c",10165
726,59,10261,2,39,"CM","a5b665b693f2a02c",10166
726,59,10261,2,38,"CM","a5b665b693f2a02c",10167
726,59,10261,2,39,"CM","a5b665b693f2a02c",10168
726,59,10261,2,37,"CM","a5b665b693f2a02c",10169
726,59,10261,2,39,"CM","a5b665b693f2a02c",10170
726,59,10261,2,37,"CM","a5b665b693f2a02c",10171
726,59,10261,2,40,"CM","a5b665b693f2a02c",10172
726,59,10261,2,41,"CM","a5b665b693f2a02c",10173
726,59,10261,2,36,"CM","a5b665b693f2a02c",10174
726,59,10261,2,37,"CM","a5b665b693f2a02c",10175
726,59,10261,2,40,"CM","a5b665b693f2a02c",10176
726,59,10261,2,22,"CM","a5b665b693f2a02c",10177
726,59,10261,2,35,"CM","a5b665b693f2a02c",10178
726,59,10261,2,35,"CM","a5b665b693f2a02c",10179
726,59,10261,2,38,"CM","a5b665b693f2a02c",10180
726,59,10261,2,21,"CM","a5b665b693f2a02c",10181
726,59,10261,2,25,"CM","a5b665b693f2a02c",10182
726,59,10261,2,20,"CM","a5b665b693f2a02c",10183
726,59,10261,2,18,"CM","a5b665b693f2a02c",10184
726,59,10261,2,12,"CM","a5b665b693f2a02c",10185
726,59,10261,2,14,"CM","a5b665b693f2a02c",10186
726,59,10261,2,13,"CM","a5b665b693f2a02c",10187
726,59,10261,2,20,"CM","a5b665b693f2a02c",10188
726,59,10261,2,26,"CM","a5b665b693f2a02c",10189
726,59,10261,2,23,"CM","a5b665b693f2a02c",10190
726,59,10261,2,12,"CM","a5b665b693f2a02c",10191
726,59,10261,2,19,"CM","a5b665b693f2a02c",10192
726,59,10261,2,17,"CM","a5b665b693f2a02c",10193
726,59,10261,2,14,"CM","a5b665b693f2a02c",10194
726,59,10261,2,19,"CM","a5b665b693f2a02c",10195
726,59,10261,2,17,"CM","a5b665b693f2a02c",10196
726,59,10261,2,14,"CM","a5b665b693f2a02c",10197
726,59,10261,2,18,"CM","a5b665b693f2a02c",10198
726,59,10261,2,14,"CM","a5b665b693f2a02c",10199
726,59,10261,2,18,"CM","a5b665b693f2a02c",10200
726,59,10261,2,13,"CM","a5b665b693f2a02c",10201
726,59,10261,2,24,"CM","a5b665b693f2a02c",10202
726,59,10261,2,14,"CM","a5b665b693f2a02c",10203
726,59,10261,2,17,"CM","a5b665b693f2a02c",10204
726,59,10261,2,14,"CM","a5b665b693f2a02c",10205
726,59,10261,2,14,"CM","a5b665b693f2a02c",10206
