726,59,21740,2,60,"CM","860c5d80c23a1d4f",5767
726,59,21740,2,55,"CM","860c5d80c23a1d4f",5768
726,59,21740,2,55,"CM","860c5d80c23a1d4f",5769
726,59,21740,2,52,"CM","860c5d80c23a1d4f",5770
726,59,21740,2,64,"CM","860c5d80c23a1d4f",5771
726,59,21740,2,54,"CM","860c5d80c23a1d4f",5772
726,59,21740,2,55,"CM","860c5d80c23a1d4f",5773
726,59,21740,2,53,"CM","860c5d80c23a1d4f",5774
726,59,21740,2,59,"CM","860c5d80c23a1d4f",5775
726,59,21740,2,54,"CM","860c5d80c23a1d4f",5776
726,59,21740,2,56,"CM","860c5d80c23a1d4f",5777
726,59,21740,2,56,"CM","860c5d80c23a1d4f",5778
726,59,21740,2,54,"CM","860c5d80c23a1d4f",5779
726,59,21740,2,54,"CM","860c5d80c23a1d4f",5780
726,59,21740,2,53,"CM","860c5d80c23a1d4f",5781
726,59,21740,2,53,"CM","860c5d80c23a1d4f",5782
726,59,21740,2,60,"CM","860c5d80c23a1d4f",5783
726,59,21740,2,59,"CM","860c5d80c23a1d4f",5784
726,59,21740,2,54,"CM","860c5d80c23a1d4f",5785
726,59,21740,2,57,"CM","860c5d80c23a1d4f",5786
726,59,21740,2,61,"CM","860c5d80c23a1d4f",5787
726,59,21740,2,52,"CM","860c5d80c23a1d4f",5788
726,59,21740,2,56,"CM","860c5d80c23a1d4f",5789
726,59,21740,2,57,"CM","860c5d80c23a1d4f",5790
726,59,21740,2,63,"CM","860c5d80c23a1d4f",5791
726,59,21740,2,50,"CM","860c5d80c23a1d4f",5792
726,59,21740,2,66,"CM","860c5d80c23a1d4f",5793
726,59,21740,2,55,"CM","860c5d80c23a1d4f",5794
726,59,21740,2,52,"CM","860c5d80c23a1d4f",5795
726,59,21740,2,66,"CM","860c5d80c23a1d4f",5796
726,59,21740,2,59,"CM","860c5d80c23a1d4f",5797
726,59,21740,2,56,"CM","860c5d80c23a1d4f",5798
726,59,21740,2,60,"CM","860c5d80c23a1d4f",5799
726,59,21740,2,59,"CM","860c5d80c23a1d4f",5800
726,59,21740,1,57,"CM","860c5d80c23a1d4f",5801
726,59,21740,1,50,"CM","860c5d80c23a1d4f",5802
726,59,21740,1,64,"CM","860c5d80c23a1d4f",5803
726,59,21740,1,53,"CM","860c5d80c23a1d4f",5804
726,59,21740,1,52,"CM","860c5d80c23a1d4f",5805
726,59,21740,1,55,"CM","860c5d80c23a1d4f",5806
726,59,21740,1,53,"CM","860c5d80c23a1d4f",5807
726,59,21740,1,56,"CM","860c5d80c23a1d4f",5808
726,59,21740,1,54,"CM","860c5d80c23a1d4f",5809
726,59,21740,1,56,"CM","860c5d80c23a1d4f",5810
726,59,21740,1,53,"CM","860c5d80c23a1d4f",5811
726,59,21740,1,52,"CM","860c5d80c23a1d4f",5812
726,59,21740,1,54,"CM","860c5d80c23a1d4f",5813
726,59,21740,1,51,"CM","860c5d80c23a1d4f",5814
726,59,21740,1,56,"CM","860c5d80c23a1d4f",5815
726,59,21740,1,50,"CM","860c5d80c23a1d4f",5816
726,59,21740,3,13,"CM","860c5d80c23a1d4f",5817
726,59,21740,3,13,"CM","860c5d80c23a1d4f",5818
726,59,21740,3,12,"CM","860c5d80c23a1d4f",5819
726,59,21740,3,12,"CM","860c5d80c23a1d4f",5820
726,59,21740,3,12,"CM","860c5d80c23a1d4f",5821
726,59,10220,2,44,"CM","860c5d80c23a1d4f",5822
726,59,10220,2,52,"CM","860c5d80c23a1d4f",5823
726,59,10220,2,45,"CM","860c5d80c23a1d4f",5824
726,59,10220,2,47,"CM","860c5d80c23a1d4f",5825
726,59,10220,2,43,"CM","860c5d80c23a1d4f",5826
726,59,10220,2,45,"CM","860c5d80c23a1d4f",5827
726,59,10220,2,41,"CM","860c5d80c23a1d4f",5828
726,59,10220,2,56,"CM","860c5d80c23a1d4f",5829
726,59,10220,2,47,"CM","860c5d80c23a1d4f",5830
726,59,10220,1,39,"CM","860c5d80c23a1d4f",5831
726,59,10220,1,41,"CM","860c5d80c23a1d4f",5832
726,59,10220,1,39,"CM","860c5d80c23a1d4f",5833
726,59,10220,1,41,"CM","860c5d80c23a1d4f",5834
726,59,10220,1,38,"CM","860c5d80c23a1d4f",5835
726,59,10220,1,39,"CM","860c5d80c23a1d4f",5836
726,59,10220,1,32,"CM","860c5d80c23a1d4f",5837
726,59,10220,1,39,"CM","860c5d80c23a1d4f",5838
726,59,10220,1,40,"CM","860c5d80c23a1d4f",5839
726,59,471,2,101,"CM","860c5d80c23a1d4f",5841
